0.388929186795
0.39044754803
0.391977811751
0.393520118469
0.395074610907
0.39664143406
0.398220735225
0.399812664061
0.401417372627
0.403035015431
0.404665749487
0.406309734357
0.407967132206
0.40963810786
0.411322828853
0.413021465487
0.414734190893
0.416461181078
0.418202615002
0.419958674625
0.421729544979
0.42351541423
0.425316473744
0.427132918155
0.428964945443
0.430812756991
0.432676557672
0.43455655592
0.436452963806
0.43836599712
0.440295875453
0.442242822278
0.444207065041
0.446188835246
0.448188368547
0.450205904842
0.452241688367
0.4542959678
0.456368996352
0.458461031882
0.460572336997
0.462703179167
0.464853830831
0.46702456952
0.469215677972
0.471427444258
0.473660161905
0.475914130028
0.478189653464
0.480487042908
0.482806615053
0.485148692739
0.487513605103
0.489901687727
0.492313282806
0.494748739304
0.497208413124
0.499692667286
0.502201872097
0.504736405344
0.507296652478
0.509883006811
0.512495869718
0.515135650842
0.517802768315
0.520497648969
0.523220728569
0.525972452052
0.52875327376
0.531563657698
0.534404077788
0.537275018137
0.54017697331
0.543110448621
0.546075960412
0.549074036373
0.552105215843
0.555170050141
0.558269102891
0.561402950377
0.564572181899
0.567777400134
0.571019221527
0.574298276686
0.577615210783
0.580970683987
0.584365371895
0.587799965988
0.591275174101
0.594791720909
0.598350348431
0.601951816551
0.605596903558
0.609286406712
0.613021142819
0.616801948836
0.620629682498
0.624505222967
0.6284294715
0.632403352153
0.636427812507
0.640503824416
0.644632384795
0.648814516427
0.653051268817
0.657343719059
0.661692972755
0.666100164967
0.670566461196
0.675093058419
0.679681186152
0.684332107566
0.685916803996
0.681200045545
0.667026376302
0.651240783078
0.635392916765
0.616307590065
0.595746632911
0.577901724973
0.55245126634
0.521374827508
0.485795992896
0.461383050559
0.441668851292
0.419289956995
0.396247785159
0.366806036027
0.341345046587
0.310466723242
0.280407227889
0.256335753932
0.234028686151
