6414.0
6389.05408196
6364.10817695
6339.16228498
6314.21640605
6289.27054015
6264.32468729
6239.37884746
6214.43302067
6189.48720692
6164.5414062
6139.59561851
6114.64984387
6089.70408225
6064.75833368
6039.81259814
6014.86687563
5989.92116616
5964.97546973
5940.02978633
5915.08411596
5890.13845864
5865.19281434
5840.24718309
5815.30156487
5790.35595968
5765.41036753
5740.46478842
5715.51922234
5690.5736693
5665.62812929
5640.68260232
5615.73708838
5590.79158748
5565.84609962
5540.90062479
5515.95516299
5491.00971423
5466.06427851
5441.11885582
5416.17344617
5391.22804955
5366.28266597
5341.33729543
5316.39193792
5291.44659344
5266.501262
5241.5559436
5216.61063823
5191.66534589
5166.7200666
5141.77480033
5116.82954711
5091.88430691
5066.93907976
5041.99386564
5017.04866455
4992.1034765
4967.15830148
4942.2131395
4917.26799056
4892.32285465
4867.37773178
4842.43262194
4817.48752513
4792.54244136
4767.59737063
4742.65231293
4717.70726827
4692.76223664
4667.81721805
4642.87221249
4617.92721997
4592.98224049
4568.03727403
4543.09232062
4518.14738024
4493.20245289
4468.25753858
4443.31263731
4418.36774907
4393.42287386
4368.47801169
4343.53316256
4318.58832646
4293.64350339
4268.69869336
4243.75389637
4218.80911241
4193.86434148
4168.91958359
4143.97483874
4119.03010692
4094.08538814
4069.14068239
4044.19598967
4019.25130999
3994.30664335
3969.36198974
3944.41734917
3919.47272163
3894.52810712
3869.58350565
3844.63891722
3819.69434182
3794.74977946
3769.80523013
3744.86069383
3719.91617057
3694.97166035
3670.02716316
3645.08267901
3620.13820789
3595.30707159
3570.81583818
3546.99755469
3523.89806004
3501.50746137
3479.92740512
3459.19585478
3439.20510226
3420.20517012
3402.37308132
3385.84448922
3370.22277663
3355.33755241
3341.26895903
3328.02925478
3315.8218426
3304.50344898
3294.2440654
3285.00676694
3276.58612008
